16 8 8
-500 -26.534 -500 -46.0027 -500 -62.7196
-500 -26.534 -500 -46.0027 -62.7196 -35.2513
-500 -26.534 -500 -46.0027 -35.2513 -17.5171
-500 -26.534 -500 -46.0027 -17.5171 -1.71138
-500 -26.534 -500 -46.0027 -1.71138 15.2745
-500 -26.534 -500 -46.0027 15.2745 35.1348
-500 -26.534 -500 -46.0027 35.1348 64.9268
-500 -26.534 -500 -46.0027 64.9268 500
-500 -26.534 -46.0027 -22.7581 -500 -52.5899
-500 -26.534 -46.0027 -22.7581 -52.5899 -24.4772
-500 -26.534 -46.0027 -22.7581 -24.4772 -4.83011
-500 -26.534 -46.0027 -22.7581 -4.83011 -0.0282014
-500 -26.534 -46.0027 -22.7581 -0.0282014 5.72487
-500 -26.534 -46.0027 -22.7581 5.72487 22.7266
-500 -26.534 -46.0027 -22.7581 22.7266 47.1598
-500 -26.534 -46.0027 -22.7581 47.1598 500
-500 -26.534 -22.7581 -9.8623 -500 -39.3127
-500 -26.534 -22.7581 -9.8623 -39.3127 -12.8045
-500 -26.534 -22.7581 -9.8623 -12.8045 -1.26747
-500 -26.534 -22.7581 -9.8623 -1.26747 -0.105669
-500 -26.534 -22.7581 -9.8623 -0.105669 1.03674
-500 -26.534 -22.7581 -9.8623 1.03674 10.3173
-500 -26.534 -22.7581 -9.8623 10.3173 35.0218
-500 -26.534 -22.7581 -9.8623 35.0218 500
-500 -26.534 -9.8623 0.458349 -500 -34.9606
-500 -26.534 -9.8623 0.458349 -34.9606 -9.88706
-500 -26.534 -9.8623 0.458349 -9.88706 -1.24722
-500 -26.534 -9.8623 0.458349 -1.24722 -0.255435
-500 -26.534 -9.8623 0.458349 -0.255435 0.673719
-500 -26.534 -9.8623 0.458349 0.673719 4.49473
-500 -26.534 -9.8623 0.458349 4.49473 26.0729
-500 -26.534 -9.8623 0.458349 26.0729 500
-500 -26.534 0.458349 10.563 -500 -31.4741
-500 -26.534 0.458349 10.563 -31.4741 -7.36954
-500 -26.534 0.458349 10.563 -7.36954 -0.825332
-500 -26.534 0.458349 10.563 -0.825332 0.00679121
-500 -26.534 0.458349 10.563 0.00679121 0.885733
-500 -26.534 0.458349 10.563 0.885733 6.32855
-500 -26.534 0.458349 10.563 6.32855 30.7246
-500 -26.534 0.458349 10.563 30.7246 500
-500 -26.534 10.563 23.6372 -500 -36.1082
-500 -26.534 10.563 23.6372 -36.1082 -12.2917
-500 -26.534 10.563 23.6372 -12.2917 -1.40515
-500 -26.534 10.563 23.6372 -1.40515 -0.16876
-500 -26.534 10.563 23.6372 -0.16876 0.905438
-500 -26.534 10.563 23.6372 0.905438 9.24002
-500 -26.534 10.563 23.6372 9.24002 33.8577
-500 -26.534 10.563 23.6372 33.8577 500
-500 -26.534 23.6372 47.0331 -500 -46.8038
-500 -26.534 23.6372 47.0331 -46.8038 -22.9177
-500 -26.534 23.6372 47.0331 -22.9177 -5.88991
-500 -26.534 23.6372 47.0331 -5.88991 0.157284
-500 -26.534 23.6372 47.0331 0.157284 9.62451
-500 -26.534 23.6372 47.0331 9.62451 26.9906
-500 -26.534 23.6372 47.0331 26.9906 53.3892
-500 -26.534 23.6372 47.0331 53.3892 500
-500 -26.534 47.0331 500 -500 -61.0697
-500 -26.534 47.0331 500 -61.0697 -35.5164
-500 -26.534 47.0331 500 -35.5164 -16.2615
-500 -26.534 47.0331 500 -16.2615 -0.64681
-500 -26.534 47.0331 500 -0.64681 15.1124
-500 -26.534 47.0331 500 15.1124 34.5133
-500 -26.534 47.0331 500 34.5133 63.5847
-500 -26.534 47.0331 500 63.5847 500
-26.534 -13.7631 -500 -24.789 -500 -35.3577
-26.534 -13.7631 -500 -24.789 -35.3577 -11.1922
-26.534 -13.7631 -500 -24.789 -11.1922 -1.19574
-26.534 -13.7631 -500 -24.789 -1.19574 0.0270724
-26.534 -13.7631 -500 -24.789 0.0270724 1.41162
-26.534 -13.7631 -500 -24.789 1.41162 14.246
-26.534 -13.7631 -500 -24.789 14.246 36.25
-26.534 -13.7631 -500 -24.789 36.25 500
-26.534 -13.7631 -24.789 -12.9606 -500 -9.35514
-26.534 -13.7631 -24.789 -12.9606 -9.35514 -0.868315
-26.534 -13.7631 -24.789 -12.9606 -0.868315 -0.349916
-26.534 -13.7631 -24.789 -12.9606 -0.349916 0.0320461
-26.534 -13.7631 -24.789 -12.9606 0.0320461 0.395333
-26.534 -13.7631 -24.789 -12.9606 0.395333 0.884068
-26.534 -13.7631 -24.789 -12.9606 0.884068 8.45507
-26.534 -13.7631 -24.789 -12.9606 8.45507 500
-26.534 -13.7631 -12.9606 -5.5807 -500 -1.68
-26.534 -13.7631 -12.9606 -5.5807 -1.68 -0.540932
-26.534 -13.7631 -12.9606 -5.5807 -0.540932 -0.229857
-26.534 -13.7631 -12.9606 -5.5807 -0.229857 0.0174801
-26.534 -13.7631 -12.9606 -5.5807 0.0174801 0.258865
-26.534 -13.7631 -12.9606 -5.5807 0.258865 0.597205
-26.534 -13.7631 -12.9606 -5.5807 0.597205 4.09547
-26.534 -13.7631 -12.9606 -5.5807 4.09547 500
-26.534 -13.7631 -5.5807 0.0658577 -500 -1.36419
-26.534 -13.7631 -5.5807 0.0658577 -1.36419 -0.485267
-26.534 -13.7631 -5.5807 0.0658577 -0.485267 -0.193436
-26.534 -13.7631 -5.5807 0.0658577 -0.193436 0.00451905
-26.534 -13.7631 -5.5807 0.0658577 0.00451905 0.215678
-26.534 -13.7631 -5.5807 0.0658577 0.215678 0.480709
-26.534 -13.7631 -5.5807 0.0658577 0.480709 4.14881
-26.534 -13.7631 -5.5807 0.0658577 4.14881 500
-26.534 -13.7631 0.0658577 6.02836 -500 -1.4493
-26.534 -13.7631 0.0658577 6.02836 -1.4493 -0.456415
-26.534 -13.7631 0.0658577 6.02836 -0.456415 -0.196033
-26.534 -13.7631 0.0658577 6.02836 -0.196033 0.0139692
-26.534 -13.7631 0.0658577 6.02836 0.0139692 0.203139
-26.534 -13.7631 0.0658577 6.02836 0.203139 0.471597
-26.534 -13.7631 0.0658577 6.02836 0.471597 1.61012
-26.534 -13.7631 0.0658577 6.02836 1.61012 500
-26.534 -13.7631 6.02836 13.2527 -500 -5.49372
-26.534 -13.7631 6.02836 13.2527 -5.49372 -0.63506
-26.534 -13.7631 6.02836 13.2527 -0.63506 -0.2933
-26.534 -13.7631 6.02836 13.2527 -0.2933 -0.0096409
-26.534 -13.7631 6.02836 13.2527 -0.0096409 0.235601
-26.534 -13.7631 6.02836 13.2527 0.235601 0.529093
-26.534 -13.7631 6.02836 13.2527 0.529093 2.37653
-26.534 -13.7631 6.02836 13.2527 2.37653 500
-26.534 -13.7631 13.2527 25.1281 -500 -8.53943
-26.534 -13.7631 13.2527 25.1281 -8.53943 -0.935261
-26.534 -13.7631 13.2527 25.1281 -0.935261 -0.425012
-26.534 -13.7631 13.2527 25.1281 -0.425012 -0.0544641
-26.534 -13.7631 13.2527 25.1281 -0.0544641 0.340792
-26.534 -13.7631 13.2527 25.1281 0.340792 0.901967
-26.534 -13.7631 13.2527 25.1281 0.901967 7.35795
-26.534 -13.7631 13.2527 25.1281 7.35795 500
-26.534 -13.7631 25.1281 500 -500 -37.3181
-26.534 -13.7631 25.1281 500 -37.3181 -13.9605
-26.534 -13.7631 25.1281 500 -13.9605 -1.60015
-26.534 -13.7631 25.1281 500 -1.60015 -0.158142
-26.534 -13.7631 25.1281 500 -0.158142 1.12165
-26.534 -13.7631 25.1281 500 1.12165 9.07746
-26.534 -13.7631 25.1281 500 9.07746 35.6311
-26.534 -13.7631 25.1281 500 35.6311 500
-13.7631 -7.96858 -500 -17.171 -500 -19.7071
-13.7631 -7.96858 -500 -17.171 -19.7071 -1.53335
-13.7631 -7.96858 -500 -17.171 -1.53335 -0.51603
-13.7631 -7.96858 -500 -17.171 -0.51603 0.00464352
-13.7631 -7.96858 -500 -17.171 0.00464352 0.463299
-13.7631 -7.96858 -500 -17.171 0.463299 1.28165
-13.7631 -7.96858 -500 -17.171 1.28165 18.7242
-13.7631 -7.96858 -500 -17.171 18.7242 500
-13.7631 -7.96858 -17.171 -8.15031 -500 -1.0839
-13.7631 -7.96858 -17.171 -8.15031 -1.0839 -0.369061
-13.7631 -7.96858 -17.171 -8.15031 -0.369061 -0.148515
-13.7631 -7.96858 -17.171 -8.15031 -0.148515 -0.0113342
-13.7631 -7.96858 -17.171 -8.15031 -0.0113342 0.144607
-13.7631 -7.96858 -17.171 -8.15031 0.144607 0.340516
-13.7631 -7.96858 -17.171 -8.15031 0.340516 1.0515
-13.7631 -7.96858 -17.171 -8.15031 1.0515 500
-13.7631 -7.96858 -8.15031 -3.49593 -500 -0.510309
-13.7631 -7.96858 -8.15031 -3.49593 -0.510309 -0.214266
-13.7631 -7.96858 -8.15031 -3.49593 -0.214266 -0.0908973
-13.7631 -7.96858 -8.15031 -3.49593 -0.0908973 0.0115992
-13.7631 -7.96858 -8.15031 -3.49593 0.0115992 0.104765
-13.7631 -7.96858 -8.15031 -3.49593 0.104765 0.247379
-13.7631 -7.96858 -8.15031 -3.49593 0.247379 0.735407
-13.7631 -7.96858 -8.15031 -3.49593 0.735407 500
-13.7631 -7.96858 -3.49593 0.000413834 -500 -0.44203
-13.7631 -7.96858 -3.49593 0.000413834 -0.44203 -0.180873
-13.7631 -7.96858 -3.49593 0.000413834 -0.180873 -0.077668
-13.7631 -7.96858 -3.49593 0.000413834 -0.077668 -0.00322189
-13.7631 -7.96858 -3.49593 0.000413834 -0.00322189 0.0821149
-13.7631 -7.96858 -3.49593 0.000413834 0.0821149 0.195479
-13.7631 -7.96858 -3.49593 0.000413834 0.195479 0.463271
-13.7631 -7.96858 -3.49593 0.000413834 0.463271 500
-13.7631 -7.96858 0.000413834 3.5193 -500 -0.502502
-13.7631 -7.96858 0.000413834 3.5193 -0.502502 -0.195307
-13.7631 -7.96858 0.000413834 3.5193 -0.195307 -0.0828002
-13.7631 -7.96858 0.000413834 3.5193 -0.0828002 -0.00996085
-13.7631 -7.96858 0.000413834 3.5193 -0.00996085 0.0763399
-13.7631 -7.96858 0.000413834 3.5193 0.0763399 0.183898
-13.7631 -7.96858 0.000413834 3.5193 0.183898 0.443626
-13.7631 -7.96858 0.000413834 3.5193 0.443626 500
-13.7631 -7.96858 3.5193 8.32172 -500 -0.753243
-13.7631 -7.96858 3.5193 8.32172 -0.753243 -0.230219
-13.7631 -7.96858 3.5193 8.32172 -0.230219 -0.078826
-13.7631 -7.96858 3.5193 8.32172 -0.078826 0.0224504
-13.7631 -7.96858 3.5193 8.32172 0.0224504 0.118165
-13.7631 -7.96858 3.5193 8.32172 0.118165 0.251067
-13.7631 -7.96858 3.5193 8.32172 0.251067 0.694365
-13.7631 -7.96858 3.5193 8.32172 0.694365 500
-13.7631 -7.96858 8.32172 17.3547 -500 -0.978979
-13.7631 -7.96858 8.32172 17.3547 -0.978979 -0.321206
-13.7631 -7.96858 8.32172 17.3547 -0.321206 -0.130212
-13.7631 -7.96858 8.32172 17.3547 -0.130212 0.00983196
-13.7631 -7.96858 8.32172 17.3547 0.00983196 0.153662
-13.7631 -7.96858 8.32172 17.3547 0.153662 0.399086
-13.7631 -7.96858 8.32172 17.3547 0.399086 1.09702
-13.7631 -7.96858 8.32172 17.3547 1.09702 500
-13.7631 -7.96858 17.3547 500 -500 -21.8607
-13.7631 -7.96858 17.3547 500 -21.8607 -1.56955
-13.7631 -7.96858 17.3547 500 -1.56955 -0.523917
-13.7631 -7.96858 17.3547 500 -0.523917 -0.0301891
-13.7631 -7.96858 17.3547 500 -0.0301891 0.460521
-13.7631 -7.96858 17.3547 500 0.460521 1.32637
-13.7631 -7.96858 17.3547 500 1.32637 18.3068
-13.7631 -7.96858 17.3547 500 18.3068 500
-7.96858 -4.91923 -500 -11.1816 -500 -7.51557
-7.96858 -4.91923 -500 -11.1816 -7.51557 -0.657734
-7.96858 -4.91923 -500 -11.1816 -0.657734 -0.241048
-7.96858 -4.91923 -500 -11.1816 -0.241048 -0.00294273
-7.96858 -4.91923 -500 -11.1816 -0.00294273 0.254973
-7.96858 -4.91923 -500 -11.1816 0.254973 0.648106
-7.96858 -4.91923 -500 -11.1816 0.648106 10.6093
-7.96858 -4.91923 -500 -11.1816 10.6093 500
-7.96858 -4.91923 -11.1816 -5.3113 -500 -0.43934
-7.96858 -4.91923 -11.1816 -5.3113 -0.43934 -0.182033
-7.96858 -4.91923 -11.1816 -5.3113 -0.182033 -0.0788841
-7.96858 -4.91923 -11.1816 -5.3113 -0.0788841 -0.00154823
-7.96858 -4.91923 -11.1816 -5.3113 -0.00154823 0.0789293
-7.96858 -4.91923 -11.1816 -5.3113 0.0789293 0.184741
-7.96858 -4.91923 -11.1816 -5.3113 0.184741 0.488759
-7.96858 -4.91923 -11.1816 -5.3113 0.488759 500
-7.96858 -4.91923 -5.3113 -2.2701 -500 -0.418781
-7.96858 -4.91923 -5.3113 -2.2701 -0.418781 -0.166436
-7.96858 -4.91923 -5.3113 -2.2701 -0.166436 -0.0587451
-7.96858 -4.91923 -5.3113 -2.2701 -0.0587451 0.00465471
-7.96858 -4.91923 -5.3113 -2.2701 0.00465471 0.065634
-7.96858 -4.91923 -5.3113 -2.2701 0.065634 0.164124
-7.96858 -4.91923 -5.3113 -2.2701 0.164124 0.397491
-7.96858 -4.91923 -5.3113 -2.2701 0.397491 500
-7.96858 -4.91923 -2.2701 -0.0754746 -500 -0.435233
-7.96858 -4.91923 -2.2701 -0.0754746 -0.435233 -0.16151
-7.96858 -4.91923 -2.2701 -0.0754746 -0.16151 -0.0653563
-7.96858 -4.91923 -2.2701 -0.0754746 -0.0653563 -0.00636481
-7.96858 -4.91923 -2.2701 -0.0754746 -0.00636481 0.0596897
-7.96858 -4.91923 -2.2701 -0.0754746 0.0596897 0.148765
-7.96858 -4.91923 -2.2701 -0.0754746 0.148765 0.413224
-7.96858 -4.91923 -2.2701 -0.0754746 0.413224 500
-7.96858 -4.91923 -0.0754746 2.23588 -500 -0.421792
-7.96858 -4.91923 -0.0754746 2.23588 -0.421792 -0.156937
-7.96858 -4.91923 -0.0754746 2.23588 -0.156937 -0.0684345
-7.96858 -4.91923 -0.0754746 2.23588 -0.0684345 -0.00711254
-7.96858 -4.91923 -0.0754746 2.23588 -0.00711254 0.0588146
-7.96858 -4.91923 -0.0754746 2.23588 0.0588146 0.13924
-7.96858 -4.91923 -0.0754746 2.23588 0.13924 0.352658
-7.96858 -4.91923 -0.0754746 2.23588 0.352658 500
-7.96858 -4.91923 2.23588 5.18385 -500 -0.361576
-7.96858 -4.91923 2.23588 5.18385 -0.361576 -0.152308
-7.96858 -4.91923 2.23588 5.18385 -0.152308 -0.0619115
-7.96858 -4.91923 2.23588 5.18385 -0.0619115 -0.00113014
-7.96858 -4.91923 2.23588 5.18385 -0.00113014 0.0590773
-7.96858 -4.91923 2.23588 5.18385 0.0590773 0.148975
-7.96858 -4.91923 2.23588 5.18385 0.148975 0.375438
-7.96858 -4.91923 2.23588 5.18385 0.375438 500
-7.96858 -4.91923 5.18385 11.1263 -500 -0.443173
-7.96858 -4.91923 5.18385 11.1263 -0.443173 -0.18319
-7.96858 -4.91923 5.18385 11.1263 -0.18319 -0.0625016
-7.96858 -4.91923 5.18385 11.1263 -0.0625016 0.0104151
-7.96858 -4.91923 5.18385 11.1263 0.0104151 0.098498
-7.96858 -4.91923 5.18385 11.1263 0.098498 0.207865
-7.96858 -4.91923 5.18385 11.1263 0.207865 0.455524
-7.96858 -4.91923 5.18385 11.1263 0.455524 500
-7.96858 -4.91923 11.1263 500 -500 -8.79698
-7.96858 -4.91923 11.1263 500 -8.79698 -0.614024
-7.96858 -4.91923 11.1263 500 -0.614024 -0.219483
-7.96858 -4.91923 11.1263 500 -0.219483 0.00638653
-7.96858 -4.91923 11.1263 500 0.00638653 0.225594
-7.96858 -4.91923 11.1263 500 0.225594 0.66698
-7.96858 -4.91923 11.1263 500 0.66698 6.58279
-7.96858 -4.91923 11.1263 500 6.58279 500
-4.91923 -2.97103 -500 -8.41035 -500 -6.78545
-4.91923 -2.97103 -500 -8.41035 -6.78545 -0.457645
-4.91923 -2.97103 -500 -8.41035 -0.457645 -0.148571
-4.91923 -2.97103 -500 -8.41035 -0.148571 -0.00440364
-4.91923 -2.97103 -500 -8.41035 -0.00440364 0.133353
-4.91923 -2.97103 -500 -8.41035 0.133353 0.378461
-4.91923 -2.97103 -500 -8.41035 0.378461 2.6648
-4.91923 -2.97103 -500 -8.41035 2.6648 500
-4.91923 -2.97103 -8.41035 -3.89937 -500 -0.440066
-4.91923 -2.97103 -8.41035 -3.89937 -0.440066 -0.152738
-4.91923 -2.97103 -8.41035 -3.89937 -0.152738 -0.0647948
-4.91923 -2.97103 -8.41035 -3.89937 -0.0647948 0.000942398
-4.91923 -2.97103 -8.41035 -3.89937 0.000942398 0.0576781
-4.91923 -2.97103 -8.41035 -3.89937 0.0576781 0.149912
-4.91923 -2.97103 -8.41035 -3.89937 0.149912 0.387109
-4.91923 -2.97103 -8.41035 -3.89937 0.387109 500
-4.91923 -2.97103 -3.89937 -1.70973 -500 -0.362469
-4.91923 -2.97103 -3.89937 -1.70973 -0.362469 -0.15359
-4.91923 -2.97103 -3.89937 -1.70973 -0.15359 -0.0612888
-4.91923 -2.97103 -3.89937 -1.70973 -0.0612888 -0.00230163
-4.91923 -2.97103 -3.89937 -1.70973 -0.00230163 0.056631
-4.91923 -2.97103 -3.89937 -1.70973 0.056631 0.144265
-4.91923 -2.97103 -3.89937 -1.70973 0.144265 0.379862
-4.91923 -2.97103 -3.89937 -1.70973 0.379862 500
-4.91923 -2.97103 -1.70973 -0.0241089 -500 -0.356673
-4.91923 -2.97103 -1.70973 -0.0241089 -0.356673 -0.154347
-4.91923 -2.97103 -1.70973 -0.0241089 -0.154347 -0.0607999
-4.91923 -2.97103 -1.70973 -0.0241089 -0.0607999 -0.00381121
-4.91923 -2.97103 -1.70973 -0.0241089 -0.00381121 0.0602203
-4.91923 -2.97103 -1.70973 -0.0241089 0.0602203 0.155913
-4.91923 -2.97103 -1.70973 -0.0241089 0.155913 0.36844
-4.91923 -2.97103 -1.70973 -0.0241089 0.36844 500
-4.91923 -2.97103 -0.0241089 1.69122 -500 -0.369787
-4.91923 -2.97103 -0.0241089 1.69122 -0.369787 -0.167431
-4.91923 -2.97103 -0.0241089 1.69122 -0.167431 -0.0591789
-4.91923 -2.97103 -0.0241089 1.69122 -0.0591789 -0.00269285
-4.91923 -2.97103 -0.0241089 1.69122 -0.00269285 0.053191
-4.91923 -2.97103 -0.0241089 1.69122 0.053191 0.149332
-4.91923 -2.97103 -0.0241089 1.69122 0.149332 0.364516
-4.91923 -2.97103 -0.0241089 1.69122 0.364516 500
-4.91923 -2.97103 1.69122 3.90784 -500 -0.399175
-4.91923 -2.97103 1.69122 3.90784 -0.399175 -0.172317
-4.91923 -2.97103 1.69122 3.90784 -0.172317 -0.0709096
-4.91923 -2.97103 1.69122 3.90784 -0.0709096 -0.00806536
-4.91923 -2.97103 1.69122 3.90784 -0.00806536 0.0543459
-4.91923 -2.97103 1.69122 3.90784 0.0543459 0.147309
-4.91923 -2.97103 1.69122 3.90784 0.147309 0.34893
-4.91923 -2.97103 1.69122 3.90784 0.34893 500
-4.91923 -2.97103 3.90784 8.10322 -500 -0.404396
-4.91923 -2.97103 3.90784 8.10322 -0.404396 -0.153766
-4.91923 -2.97103 3.90784 8.10322 -0.153766 -0.0653779
-4.91923 -2.97103 3.90784 8.10322 -0.0653779 -0.00599213
-4.91923 -2.97103 3.90784 8.10322 -0.00599213 0.0588941
-4.91923 -2.97103 3.90784 8.10322 0.0588941 0.149253
-4.91923 -2.97103 3.90784 8.10322 0.149253 0.379046
-4.91923 -2.97103 3.90784 8.10322 0.379046 500
-4.91923 -2.97103 8.10322 500 -500 -3.5978
-4.91923 -2.97103 8.10322 500 -3.5978 -0.394342
-4.91923 -2.97103 8.10322 500 -0.394342 -0.149696
-4.91923 -2.97103 8.10322 500 -0.149696 -0.0194945
-4.91923 -2.97103 8.10322 500 -0.0194945 0.106826
-4.91923 -2.97103 8.10322 500 0.106826 0.324131
-4.91923 -2.97103 8.10322 500 0.324131 1.54133
-4.91923 -2.97103 8.10322 500 1.54133 500
-2.97103 -1.58231 -500 -6.07787 -500 -1.36634
-2.97103 -1.58231 -500 -6.07787 -1.36634 -0.300346
-2.97103 -1.58231 -500 -6.07787 -0.300346 -0.10625
-2.97103 -1.58231 -500 -6.07787 -0.10625 -0.00401198
-2.97103 -1.58231 -500 -6.07787 -0.00401198 0.0968679
-2.97103 -1.58231 -500 -6.07787 0.0968679 0.273258
-2.97103 -1.58231 -500 -6.07787 0.273258 0.92239
-2.97103 -1.58231 -500 -6.07787 0.92239 500
-2.97103 -1.58231 -6.07787 -2.9298 -500 -0.382235
-2.97103 -1.58231 -6.07787 -2.9298 -0.382235 -0.17414
-2.97103 -1.58231 -6.07787 -2.9298 -0.17414 -0.0722417
-2.97103 -1.58231 -6.07787 -2.9298 -0.0722417 -0.00810383
-2.97103 -1.58231 -6.07787 -2.9298 -0.00810383 0.0618292
-2.97103 -1.58231 -6.07787 -2.9298 0.0618292 0.159811
-2.97103 -1.58231 -6.07787 -2.9298 0.159811 0.380881
-2.97103 -1.58231 -6.07787 -2.9298 0.380881 500
-2.97103 -1.58231 -2.9298 -1.20955 -500 -0.377447
-2.97103 -1.58231 -2.9298 -1.20955 -0.377447 -0.158732
-2.97103 -1.58231 -2.9298 -1.20955 -0.158732 -0.0609633
-2.97103 -1.58231 -2.9298 -1.20955 -0.0609633 0.00511364
-2.97103 -1.58231 -2.9298 -1.20955 0.00511364 0.0699394
-2.97103 -1.58231 -2.9298 -1.20955 0.0699394 0.176964
-2.97103 -1.58231 -2.9298 -1.20955 0.176964 0.396877
-2.97103 -1.58231 -2.9298 -1.20955 0.396877 500
-2.97103 -1.58231 -1.20955 0.027721 -500 -0.449688
-2.97103 -1.58231 -1.20955 0.027721 -0.449688 -0.213442
-2.97103 -1.58231 -1.20955 0.027721 -0.213442 -0.0814264
-2.97103 -1.58231 -1.20955 0.027721 -0.0814264 -0.0040805
-2.97103 -1.58231 -1.20955 0.027721 -0.0040805 0.0622078
-2.97103 -1.58231 -1.20955 0.027721 0.0622078 0.177535
-2.97103 -1.58231 -1.20955 0.027721 0.177535 0.442039
-2.97103 -1.58231 -1.20955 0.027721 0.442039 500
-2.97103 -1.58231 0.027721 1.26488 -500 -0.466435
-2.97103 -1.58231 0.027721 1.26488 -0.466435 -0.199289
-2.97103 -1.58231 0.027721 1.26488 -0.199289 -0.0594107
-2.97103 -1.58231 0.027721 1.26488 -0.0594107 0.0108928
-2.97103 -1.58231 0.027721 1.26488 0.0108928 0.0790011
-2.97103 -1.58231 0.027721 1.26488 0.0790011 0.195682
-2.97103 -1.58231 0.027721 1.26488 0.195682 0.46907
-2.97103 -1.58231 0.027721 1.26488 0.46907 500
-2.97103 -1.58231 1.26488 2.97992 -500 -0.393815
-2.97103 -1.58231 1.26488 2.97992 -0.393815 -0.159148
-2.97103 -1.58231 1.26488 2.97992 -0.159148 -0.0490737
-2.97103 -1.58231 1.26488 2.97992 -0.0490737 0.00789033
-2.97103 -1.58231 1.26488 2.97992 0.00789033 0.0671474
-2.97103 -1.58231 1.26488 2.97992 0.0671474 0.184246
-2.97103 -1.58231 1.26488 2.97992 0.184246 0.393304
-2.97103 -1.58231 1.26488 2.97992 0.393304 500
-2.97103 -1.58231 2.97992 6.44397 -500 -0.372616
-2.97103 -1.58231 2.97992 6.44397 -0.372616 -0.149484
-2.97103 -1.58231 2.97992 6.44397 -0.149484 -0.0580967
-2.97103 -1.58231 2.97992 6.44397 -0.0580967 0.00190553
-2.97103 -1.58231 2.97992 6.44397 0.00190553 0.054565
-2.97103 -1.58231 2.97992 6.44397 0.054565 0.155231
-2.97103 -1.58231 2.97992 6.44397 0.155231 0.411321
-2.97103 -1.58231 2.97992 6.44397 0.411321 500
-2.97103 -1.58231 6.44397 500 -500 -2.71701
-2.97103 -1.58231 6.44397 500 -2.71701 -0.358467
-2.97103 -1.58231 6.44397 500 -0.358467 -0.127432
-2.97103 -1.58231 6.44397 500 -0.127432 -0.00663417
-2.97103 -1.58231 6.44397 500 -0.00663417 0.103423
-2.97103 -1.58231 6.44397 500 0.103423 0.290696
-2.97103 -1.58231 6.44397 500 0.290696 1.378
-2.97103 -1.58231 6.44397 500 1.378 500
-1.58231 -0.631734 -500 -4.89719 -500 -0.954279
-1.58231 -0.631734 -500 -4.89719 -0.954279 -0.257685
-1.58231 -0.631734 -500 -4.89719 -0.257685 -0.093223
-1.58231 -0.631734 -500 -4.89719 -0.093223 -0.000915996
-1.58231 -0.631734 -500 -4.89719 -0.000915996 0.0854974
-1.58231 -0.631734 -500 -4.89719 0.0854974 0.218679
-1.58231 -0.631734 -500 -4.89719 0.218679 0.829519
-1.58231 -0.631734 -500 -4.89719 0.829519 500
-1.58231 -0.631734 -4.89719 -2.00627 -500 -0.372864
-1.58231 -0.631734 -4.89719 -2.00627 -0.372864 -0.158775
-1.58231 -0.631734 -4.89719 -2.00627 -0.158775 -0.0613804
-1.58231 -0.631734 -4.89719 -2.00627 -0.0613804 -0.000417591
-1.58231 -0.631734 -4.89719 -2.00627 -0.000417591 0.053041
-1.58231 -0.631734 -4.89719 -2.00627 0.053041 0.151409
-1.58231 -0.631734 -4.89719 -2.00627 0.151409 0.389072
-1.58231 -0.631734 -4.89719 -2.00627 0.389072 500
-1.58231 -0.631734 -2.00627 -0.755547 -500 -0.522109
-1.58231 -0.631734 -2.00627 -0.755547 -0.522109 -0.21872
-1.58231 -0.631734 -2.00627 -0.755547 -0.21872 -0.0733942
-1.58231 -0.631734 -2.00627 -0.755547 -0.0733942 0.00677597
-1.58231 -0.631734 -2.00627 -0.755547 0.00677597 0.097486
-1.58231 -0.631734 -2.00627 -0.755547 0.097486 0.240031
-1.58231 -0.631734 -2.00627 -0.755547 0.240031 0.566878
-1.58231 -0.631734 -2.00627 -0.755547 0.566878 500
-1.58231 -0.631734 -0.755547 0.00423141 -500 -0.636471
-1.58231 -0.631734 -0.755547 0.00423141 -0.636471 -0.288347
-1.58231 -0.631734 -0.755547 0.00423141 -0.288347 -0.107818
-1.58231 -0.631734 -0.755547 0.00423141 -0.107818 -0.0128325
-1.58231 -0.631734 -0.755547 0.00423141 -0.0128325 0.0826655
-1.58231 -0.631734 -0.755547 0.00423141 0.0826655 0.2567
-1.58231 -0.631734 -0.755547 0.00423141 0.2567 0.580184
-1.58231 -0.631734 -0.755547 0.00423141 0.580184 500
-1.58231 -0.631734 0.00423141 0.735372 -500 -0.607334
-1.58231 -0.631734 0.00423141 0.735372 -0.607334 -0.260763
-1.58231 -0.631734 0.00423141 0.735372 -0.260763 -0.0959036
-1.58231 -0.631734 0.00423141 0.735372 -0.0959036 -0.000259856
-1.58231 -0.631734 0.00423141 0.735372 -0.000259856 0.096907
-1.58231 -0.631734 0.00423141 0.735372 0.096907 0.248484
-1.58231 -0.631734 0.00423141 0.735372 0.248484 0.582946
-1.58231 -0.631734 0.00423141 0.735372 0.582946 500
-1.58231 -0.631734 0.735372 1.95663 -500 -0.565104
-1.58231 -0.631734 0.735372 1.95663 -0.565104 -0.225769
-1.58231 -0.631734 0.735372 1.95663 -0.225769 -0.0967955
-1.58231 -0.631734 0.735372 1.95663 -0.0967955 -0.00690171
-1.58231 -0.631734 0.735372 1.95663 -0.00690171 0.0807341
-1.58231 -0.631734 0.735372 1.95663 0.0807341 0.206847
-1.58231 -0.631734 0.735372 1.95663 0.206847 0.527773
-1.58231 -0.631734 0.735372 1.95663 0.527773 500
-1.58231 -0.631734 1.95663 4.74864 -500 -0.381733
-1.58231 -0.631734 1.95663 4.74864 -0.381733 -0.154425
-1.58231 -0.631734 1.95663 4.74864 -0.154425 -0.0558088
-1.58231 -0.631734 1.95663 4.74864 -0.0558088 0.00343327
-1.58231 -0.631734 1.95663 4.74864 0.00343327 0.063752
-1.58231 -0.631734 1.95663 4.74864 0.063752 0.1768
-1.58231 -0.631734 1.95663 4.74864 0.1768 0.409601
-1.58231 -0.631734 1.95663 4.74864 0.409601 500
-1.58231 -0.631734 4.74864 500 -500 -0.866205
-1.58231 -0.631734 4.74864 500 -0.866205 -0.250166
-1.58231 -0.631734 4.74864 500 -0.250166 -0.0914492
-1.58231 -0.631734 4.74864 500 -0.0914492 -0.00434749
-1.58231 -0.631734 4.74864 500 -0.00434749 0.091524
-1.58231 -0.631734 4.74864 500 0.091524 0.250668
-1.58231 -0.631734 4.74864 500 0.250668 1.01082
-1.58231 -0.631734 4.74864 500 1.01082 500
-0.631734 -0.00202592 -500 -3.28912 -500 -0.765476
-0.631734 -0.00202592 -500 -3.28912 -0.765476 -0.241305
-0.631734 -0.00202592 -500 -3.28912 -0.241305 -0.0929527
-0.631734 -0.00202592 -500 -3.28912 -0.0929527 -0.00698552
-0.631734 -0.00202592 -500 -3.28912 -0.00698552 0.0570087
-0.631734 -0.00202592 -500 -3.28912 0.0570087 0.183974
-0.631734 -0.00202592 -500 -3.28912 0.183974 0.505037
-0.631734 -0.00202592 -500 -3.28912 0.505037 500
-0.631734 -0.00202592 -3.28912 -1.0855 -500 -0.469238
-0.631734 -0.00202592 -3.28912 -1.0855 -0.469238 -0.221674
-0.631734 -0.00202592 -3.28912 -1.0855 -0.221674 -0.0706618
-0.631734 -0.00202592 -3.28912 -1.0855 -0.0706618 0.00192189
-0.631734 -0.00202592 -3.28912 -1.0855 0.00192189 0.078781
-0.631734 -0.00202592 -3.28912 -1.0855 0.078781 0.207197
-0.631734 -0.00202592 -3.28912 -1.0855 0.207197 0.498768
-0.631734 -0.00202592 -3.28912 -1.0855 0.498768 500
-0.631734 -0.00202592 -1.0855 -0.342495 -500 -0.576046
-0.631734 -0.00202592 -1.0855 -0.342495 -0.576046 -0.281859
-0.631734 -0.00202592 -1.0855 -0.342495 -0.281859 -0.108478
-0.631734 -0.00202592 -1.0855 -0.342495 -0.108478 0.0115393
-0.631734 -0.00202592 -1.0855 -0.342495 0.0115393 0.13279
-0.631734 -0.00202592 -1.0855 -0.342495 0.13279 0.290353
-0.631734 -0.00202592 -1.0855 -0.342495 0.290353 0.581621
-0.631734 -0.00202592 -1.0855 -0.342495 0.581621 500
-0.631734 -0.00202592 -0.342495 -0.00931131 -500 -0.46344
-0.631734 -0.00202592 -0.342495 -0.00931131 -0.46344 -0.230978
-0.631734 -0.00202592 -0.342495 -0.00931131 -0.230978 -0.0976466
-0.631734 -0.00202592 -0.342495 -0.00931131 -0.0976466 -0.00106861
-0.631734 -0.00202592 -0.342495 -0.00931131 -0.00106861 0.0884728
-0.631734 -0.00202592 -0.342495 -0.00931131 0.0884728 0.218714
-0.631734 -0.00202592 -0.342495 -0.00931131 0.218714 0.432504
-0.631734 -0.00202592 -0.342495 -0.00931131 0.432504 500
-0.631734 -0.00202592 -0.00931131 0.331456 -500 -0.453665
-0.631734 -0.00202592 -0.00931131 0.331456 -0.453665 -0.216332
-0.631734 -0.00202592 -0.00931131 0.331456 -0.216332 -0.0951082
-0.631734 -0.00202592 -0.00931131 0.331456 -0.0951082 -0.00449117
-0.631734 -0.00202592 -0.00931131 0.331456 -0.00449117 0.0986576
-0.631734 -0.00202592 -0.00931131 0.331456 0.0986576 0.20852
-0.631734 -0.00202592 -0.00931131 0.331456 0.20852 0.447783
-0.631734 -0.00202592 -0.00931131 0.331456 0.447783 500
-0.631734 -0.00202592 0.331456 0.997998 -500 -0.580693
-0.631734 -0.00202592 0.331456 0.997998 -0.580693 -0.265161
-0.631734 -0.00202592 0.331456 0.997998 -0.265161 -0.0984219
-0.631734 -0.00202592 0.331456 0.997998 -0.0984219 0.0145655
-0.631734 -0.00202592 0.331456 0.997998 0.0145655 0.124521
-0.631734 -0.00202592 0.331456 0.997998 0.124521 0.291307
-0.631734 -0.00202592 0.331456 0.997998 0.291307 0.578584
-0.631734 -0.00202592 0.331456 0.997998 0.578584 500
-0.631734 -0.00202592 0.997998 3.13462 -500 -0.51788
-0.631734 -0.00202592 0.997998 3.13462 -0.51788 -0.228091
-0.631734 -0.00202592 0.997998 3.13462 -0.228091 -0.0856391
-0.631734 -0.00202592 0.997998 3.13462 -0.0856391 -0.00115411
-0.631734 -0.00202592 0.997998 3.13462 -0.00115411 0.0904168
-0.631734 -0.00202592 0.997998 3.13462 0.0904168 0.228822
-0.631734 -0.00202592 0.997998 3.13462 0.228822 0.481841
-0.631734 -0.00202592 0.997998 3.13462 0.481841 500
-0.631734 -0.00202592 3.13462 500 -500 -0.601511
-0.631734 -0.00202592 3.13462 500 -0.601511 -0.215154
-0.631734 -0.00202592 3.13462 500 -0.215154 -0.0819403
-0.631734 -0.00202592 3.13462 500 -0.0819403 -0.00360938
-0.631734 -0.00202592 3.13462 500 -0.00360938 0.0693356
-0.631734 -0.00202592 3.13462 500 0.0693356 0.20457
-0.631734 -0.00202592 3.13462 500 0.20457 0.616152
-0.631734 -0.00202592 3.13462 500 0.616152 500
-0.00202592 0.63733 -500 -3.1617 -500 -0.697691
-0.00202592 0.63733 -500 -3.1617 -0.697691 -0.212806
-0.00202592 0.63733 -500 -3.1617 -0.212806 -0.0810184
-0.00202592 0.63733 -500 -3.1617 -0.0810184 -0.0120592
-0.00202592 0.63733 -500 -3.1617 -0.0120592 0.0617991
-0.00202592 0.63733 -500 -3.1617 0.0617991 0.188213
-0.00202592 0.63733 -500 -3.1617 0.188213 0.517396
-0.00202592 0.63733 -500 -3.1617 0.517396 500
-0.00202592 0.63733 -3.1617 -1.00217 -500 -0.513163
-0.00202592 0.63733 -3.1617 -1.00217 -0.513163 -0.231067
-0.00202592 0.63733 -3.1617 -1.00217 -0.231067 -0.0895329
-0.00202592 0.63733 -3.1617 -1.00217 -0.0895329 -0.00323134
-0.00202592 0.63733 -3.1617 -1.00217 -0.00323134 0.0673222
-0.00202592 0.63733 -3.1617 -1.00217 0.0673222 0.199854
-0.00202592 0.63733 -3.1617 -1.00217 0.199854 0.469761
-0.00202592 0.63733 -3.1617 -1.00217 0.469761 500
-0.00202592 0.63733 -1.00217 -0.342419 -500 -0.565052
-0.00202592 0.63733 -1.00217 -0.342419 -0.565052 -0.265164
-0.00202592 0.63733 -1.00217 -0.342419 -0.265164 -0.100697
-0.00202592 0.63733 -1.00217 -0.342419 -0.100697 0.0119321
-0.00202592 0.63733 -1.00217 -0.342419 0.0119321 0.123241
-0.00202592 0.63733 -1.00217 -0.342419 0.123241 0.278968
-0.00202592 0.63733 -1.00217 -0.342419 0.278968 0.589553
-0.00202592 0.63733 -1.00217 -0.342419 0.589553 500
-0.00202592 0.63733 -0.342419 -0.0120828 -500 -0.471563
-0.00202592 0.63733 -0.342419 -0.0120828 -0.471563 -0.224772
-0.00202592 0.63733 -0.342419 -0.0120828 -0.224772 -0.0774304
-0.00202592 0.63733 -0.342419 -0.0120828 -0.0774304 0.00284515
-0.00202592 0.63733 -0.342419 -0.0120828 0.00284515 0.0908479
-0.00202592 0.63733 -0.342419 -0.0120828 0.0908479 0.201502
-0.00202592 0.63733 -0.342419 -0.0120828 0.201502 0.417216
-0.00202592 0.63733 -0.342419 -0.0120828 0.417216 500
-0.00202592 0.63733 -0.0120828 0.321677 -500 -0.417806
-0.00202592 0.63733 -0.0120828 0.321677 -0.417806 -0.194508
-0.00202592 0.63733 -0.0120828 0.321677 -0.194508 -0.0714241
-0.00202592 0.63733 -0.0120828 0.321677 -0.0714241 0.00904944
-0.00202592 0.63733 -0.0120828 0.321677 0.00904944 0.0997564
-0.00202592 0.63733 -0.0120828 0.321677 0.0997564 0.220734
-0.00202592 0.63733 -0.0120828 0.321677 0.220734 0.431573
-0.00202592 0.63733 -0.0120828 0.321677 0.431573 500
-0.00202592 0.63733 0.321677 0.975787 -500 -0.603233
-0.00202592 0.63733 0.321677 0.975787 -0.603233 -0.288963
-0.00202592 0.63733 0.321677 0.975787 -0.288963 -0.133998
-0.00202592 0.63733 0.321677 0.975787 -0.133998 -0.0123737
-0.00202592 0.63733 0.321677 0.975787 -0.0123737 0.0993988
-0.00202592 0.63733 0.321677 0.975787 0.0993988 0.269651
-0.00202592 0.63733 0.321677 0.975787 0.269651 0.515135
-0.00202592 0.63733 0.321677 0.975787 0.515135 500
-0.00202592 0.63733 0.975787 3.08291 -500 -0.521393
-0.00202592 0.63733 0.975787 3.08291 -0.521393 -0.213258
-0.00202592 0.63733 0.975787 3.08291 -0.213258 -0.0728255
-0.00202592 0.63733 0.975787 3.08291 -0.0728255 0.00385162
-0.00202592 0.63733 0.975787 3.08291 0.00385162 0.0791181
-0.00202592 0.63733 0.975787 3.08291 0.0791181 0.226502
-0.00202592 0.63733 0.975787 3.08291 0.226502 0.533955
-0.00202592 0.63733 0.975787 3.08291 0.533955 500
-0.00202592 0.63733 3.08291 500 -500 -0.687866
-0.00202592 0.63733 3.08291 500 -0.687866 -0.217909
-0.00202592 0.63733 3.08291 500 -0.217909 -0.08262
-0.00202592 0.63733 3.08291 500 -0.08262 -0.00586992
-0.00202592 0.63733 3.08291 500 -0.00586992 0.0734249
-0.00202592 0.63733 3.08291 500 0.0734249 0.210365
-0.00202592 0.63733 3.08291 500 0.210365 0.535494
-0.00202592 0.63733 3.08291 500 0.535494 500
0.63733 1.5929 -500 -4.76976 -500 -0.655259
0.63733 1.5929 -500 -4.76976 -0.655259 -0.238426
0.63733 1.5929 -500 -4.76976 -0.238426 -0.0957047
0.63733 1.5929 -500 -4.76976 -0.0957047 -0.0183296
0.63733 1.5929 -500 -4.76976 -0.0183296 0.0792695
0.63733 1.5929 -500 -4.76976 0.0792695 0.230788
0.63733 1.5929 -500 -4.76976 0.230788 0.868489
0.63733 1.5929 -500 -4.76976 0.868489 500
0.63733 1.5929 -4.76976 -2.00719 -500 -0.338325
0.63733 1.5929 -4.76976 -2.00719 -0.338325 -0.159506
0.63733 1.5929 -4.76976 -2.00719 -0.159506 -0.0455768
0.63733 1.5929 -4.76976 -2.00719 -0.0455768 0.00765549
0.63733 1.5929 -4.76976 -2.00719 0.00765549 0.0694317
0.63733 1.5929 -4.76976 -2.00719 0.0694317 0.178706
0.63733 1.5929 -4.76976 -2.00719 0.178706 0.419612
0.63733 1.5929 -4.76976 -2.00719 0.419612 500
0.63733 1.5929 -2.00719 -0.729338 -500 -0.484406
0.63733 1.5929 -2.00719 -0.729338 -0.484406 -0.198007
0.63733 1.5929 -2.00719 -0.729338 -0.198007 -0.0751752
0.63733 1.5929 -2.00719 -0.729338 -0.0751752 -0.00348342
0.63733 1.5929 -2.00719 -0.729338 -0.00348342 0.0765572
0.63733 1.5929 -2.00719 -0.729338 0.0765572 0.228259
0.63733 1.5929 -2.00719 -0.729338 0.228259 0.505365
0.63733 1.5929 -2.00719 -0.729338 0.505365 500
0.63733 1.5929 -0.729338 0.00599368 -500 -0.652266
0.63733 1.5929 -0.729338 0.00599368 -0.652266 -0.287126
0.63733 1.5929 -0.729338 0.00599368 -0.287126 -0.107316
0.63733 1.5929 -0.729338 0.00599368 -0.107316 0.0102703
0.63733 1.5929 -0.729338 0.00599368 0.0102703 0.117454
0.63733 1.5929 -0.729338 0.00599368 0.117454 0.279332
0.63733 1.5929 -0.729338 0.00599368 0.279332 0.569042
0.63733 1.5929 -0.729338 0.00599368 0.569042 500
0.63733 1.5929 0.00599368 0.72155 -500 -0.554365
0.63733 1.5929 0.00599368 0.72155 -0.554365 -0.261835
0.63733 1.5929 0.00599368 0.72155 -0.261835 -0.118656
0.63733 1.5929 0.00599368 0.72155 -0.118656 0.000336042
0.63733 1.5929 0.00599368 0.72155 0.000336042 0.0979253
0.63733 1.5929 0.00599368 0.72155 0.0979253 0.260711
0.63733 1.5929 0.00599368 0.72155 0.260711 0.581866
0.63733 1.5929 0.00599368 0.72155 0.581866 500
0.63733 1.5929 0.72155 2.00931 -500 -0.581433
0.63733 1.5929 0.72155 2.00931 -0.581433 -0.239557
0.63733 1.5929 0.72155 2.00931 -0.239557 -0.0868875
0.63733 1.5929 0.72155 2.00931 -0.0868875 -0.0065846
0.63733 1.5929 0.72155 2.00931 -0.0065846 0.101026
0.63733 1.5929 0.72155 2.00931 0.101026 0.242543
0.63733 1.5929 0.72155 2.00931 0.242543 0.56492
0.63733 1.5929 0.72155 2.00931 0.56492 500
0.63733 1.5929 2.00931 4.92003 -500 -0.417707
0.63733 1.5929 2.00931 4.92003 -0.417707 -0.168645
0.63733 1.5929 2.00931 4.92003 -0.168645 -0.065375
0.63733 1.5929 2.00931 4.92003 -0.065375 0.00446642
0.63733 1.5929 2.00931 4.92003 0.00446642 0.0656745
0.63733 1.5929 2.00931 4.92003 0.0656745 0.177819
0.63733 1.5929 2.00931 4.92003 0.177819 0.399555
0.63733 1.5929 2.00931 4.92003 0.399555 500
0.63733 1.5929 4.92003 500 -500 -0.798903
0.63733 1.5929 4.92003 500 -0.798903 -0.238782
0.63733 1.5929 4.92003 500 -0.238782 -0.0878049
0.63733 1.5929 4.92003 500 -0.0878049 -0.00269989
0.63733 1.5929 4.92003 500 -0.00269989 0.0857241
0.63733 1.5929 4.92003 500 0.0857241 0.242039
0.63733 1.5929 4.92003 500 0.242039 0.855452
0.63733 1.5929 4.92003 500 0.855452 500
1.5929 2.9941 -500 -6.11063 -500 -1.33493
1.5929 2.9941 -500 -6.11063 -1.33493 -0.296685
1.5929 2.9941 -500 -6.11063 -0.296685 -0.0901661
1.5929 2.9941 -500 -6.11063 -0.0901661 0.0159231
1.5929 2.9941 -500 -6.11063 0.0159231 0.114046
1.5929 2.9941 -500 -6.11063 0.114046 0.292319
1.5929 2.9941 -500 -6.11063 0.292319 1.56474
1.5929 2.9941 -500 -6.11063 1.56474 500
1.5929 2.9941 -6.11063 -2.82267 -500 -0.333971
1.5929 2.9941 -6.11063 -2.82267 -0.333971 -0.142941
1.5929 2.9941 -6.11063 -2.82267 -0.142941 -0.0564087
1.5929 2.9941 -6.11063 -2.82267 -0.0564087 -0.00404377
1.5929 2.9941 -6.11063 -2.82267 -0.00404377 0.050336
1.5929 2.9941 -6.11063 -2.82267 0.050336 0.136656
1.5929 2.9941 -6.11063 -2.82267 0.136656 0.357506
1.5929 2.9941 -6.11063 -2.82267 0.357506 500
1.5929 2.9941 -2.82267 -1.0934 -500 -0.362801
1.5929 2.9941 -2.82267 -1.0934 -0.362801 -0.159254
1.5929 2.9941 -2.82267 -1.0934 -0.159254 -0.0581928
1.5929 2.9941 -2.82267 -1.0934 -0.0581928 0.00263957
1.5929 2.9941 -2.82267 -1.0934 0.00263957 0.0618119
1.5929 2.9941 -2.82267 -1.0934 0.0618119 0.173757
1.5929 2.9941 -2.82267 -1.0934 0.173757 0.379436
1.5929 2.9941 -2.82267 -1.0934 0.379436 500
1.5929 2.9941 -1.0934 0.0583585 -500 -0.478196
1.5929 2.9941 -1.0934 0.0583585 -0.478196 -0.183317
1.5929 2.9941 -1.0934 0.0583585 -0.183317 -0.0740234
1.5929 2.9941 -1.0934 0.0583585 -0.0740234 -0.00349298
1.5929 2.9941 -1.0934 0.0583585 -0.00349298 0.071226
1.5929 2.9941 -1.0934 0.0583585 0.071226 0.190556
1.5929 2.9941 -1.0934 0.0583585 0.190556 0.469374
1.5929 2.9941 -1.0934 0.0583585 0.469374 500
1.5929 2.9941 0.0583585 1.26691 -500 -0.429261
1.5929 2.9941 0.0583585 1.26691 -0.429261 -0.185893
1.5929 2.9941 0.0583585 1.26691 -0.185893 -0.0635671
1.5929 2.9941 0.0583585 1.26691 -0.0635671 0.00489904
1.5929 2.9941 0.0583585 1.26691 0.00489904 0.0797989
1.5929 2.9941 0.0583585 1.26691 0.0797989 0.211222
1.5929 2.9941 0.0583585 1.26691 0.211222 0.464049
1.5929 2.9941 0.0583585 1.26691 0.464049 500
1.5929 2.9941 1.26691 3.05267 -500 -0.391277
1.5929 2.9941 1.26691 3.05267 -0.391277 -0.179043
1.5929 2.9941 1.26691 3.05267 -0.179043 -0.0672463
1.5929 2.9941 1.26691 3.05267 -0.0672463 -0.00295125
1.5929 2.9941 1.26691 3.05267 -0.00295125 0.0635508
1.5929 2.9941 1.26691 3.05267 0.0635508 0.175379
1.5929 2.9941 1.26691 3.05267 0.175379 0.386157
1.5929 2.9941 1.26691 3.05267 0.386157 500
1.5929 2.9941 3.05267 6.43325 -500 -0.381743
1.5929 2.9941 3.05267 6.43325 -0.381743 -0.152187
1.5929 2.9941 3.05267 6.43325 -0.152187 -0.0560056
1.5929 2.9941 3.05267 6.43325 -0.0560056 -0.000314626
1.5929 2.9941 3.05267 6.43325 -0.000314626 0.0565976
1.5929 2.9941 3.05267 6.43325 0.0565976 0.153464
1.5929 2.9941 3.05267 6.43325 0.153464 0.364478
1.5929 2.9941 3.05267 6.43325 0.364478 500
1.5929 2.9941 6.43325 500 -500 -0.989085
1.5929 2.9941 6.43325 500 -0.989085 -0.290009
1.5929 2.9941 6.43325 500 -0.290009 -0.109362
1.5929 2.9941 6.43325 500 -0.109362 -0.00112052
1.5929 2.9941 6.43325 500 -0.00112052 0.112639
1.5929 2.9941 6.43325 500 0.112639 0.303902
1.5929 2.9941 6.43325 500 0.303902 1.56525
1.5929 2.9941 6.43325 500 1.56525 500
2.9941 4.96836 -500 -8.52974 -500 -4.16476
2.9941 4.96836 -500 -8.52974 -4.16476 -0.398156
2.9941 4.96836 -500 -8.52974 -0.398156 -0.142687
2.9941 4.96836 -500 -8.52974 -0.142687 0.00875542
2.9941 4.96836 -500 -8.52974 0.00875542 0.161049
2.9941 4.96836 -500 -8.52974 0.161049 0.445857
2.9941 4.96836 -500 -8.52974 0.445857 3.28947
2.9941 4.96836 -500 -8.52974 3.28947 500
2.9941 4.96836 -8.52974 -4.03176 -500 -0.477161
2.9941 4.96836 -8.52974 -4.03176 -0.477161 -0.173391
2.9941 4.96836 -8.52974 -4.03176 -0.173391 -0.0773438
2.9941 4.96836 -8.52974 -4.03176 -0.0773438 -0.00656805
2.9941 4.96836 -8.52974 -4.03176 -0.00656805 0.0557329
2.9941 4.96836 -8.52974 -4.03176 0.0557329 0.151807
2.9941 4.96836 -8.52974 -4.03176 0.151807 0.369437
2.9941 4.96836 -8.52974 -4.03176 0.369437 500
2.9941 4.96836 -4.03176 -1.80483 -500 -0.374696
2.9941 4.96836 -4.03176 -1.80483 -0.374696 -0.14312
2.9941 4.96836 -4.03176 -1.80483 -0.14312 -0.0569499
2.9941 4.96836 -4.03176 -1.80483 -0.0569499 0.000570669
2.9941 4.96836 -4.03176 -1.80483 0.000570669 0.0602454
2.9941 4.96836 -4.03176 -1.80483 0.0602454 0.156616
2.9941 4.96836 -4.03176 -1.80483 0.156616 0.384385
2.9941 4.96836 -4.03176 -1.80483 0.384385 500
2.9941 4.96836 -1.80483 -0.0761821 -500 -0.399975
2.9941 4.96836 -1.80483 -0.0761821 -0.399975 -0.183249
2.9941 4.96836 -1.80483 -0.0761821 -0.183249 -0.0687901
2.9941 4.96836 -1.80483 -0.0761821 -0.0687901 -0.0011339
2.9941 4.96836 -1.80483 -0.0761821 -0.0011339 0.0589756
2.9941 4.96836 -1.80483 -0.0761821 0.0589756 0.160229
2.9941 4.96836 -1.80483 -0.0761821 0.160229 0.395998
2.9941 4.96836 -1.80483 -0.0761821 0.395998 500
2.9941 4.96836 -0.0761821 1.64389 -500 -0.389541
2.9941 4.96836 -0.0761821 1.64389 -0.389541 -0.165282
2.9941 4.96836 -0.0761821 1.64389 -0.165282 -0.0571425
2.9941 4.96836 -0.0761821 1.64389 -0.0571425 0.00757099
2.9941 4.96836 -0.0761821 1.64389 0.00757099 0.0646676
2.9941 4.96836 -0.0761821 1.64389 0.0646676 0.17614
2.9941 4.96836 -0.0761821 1.64389 0.17614 0.422805
2.9941 4.96836 -0.0761821 1.64389 0.422805 500
2.9941 4.96836 1.64389 3.79045 -500 -0.359339
2.9941 4.96836 1.64389 3.79045 -0.359339 -0.156151
2.9941 4.96836 1.64389 3.79045 -0.156151 -0.0645439
2.9941 4.96836 1.64389 3.79045 -0.0645439 -0.00196295
2.9941 4.96836 1.64389 3.79045 -0.00196295 0.0587597
2.9941 4.96836 1.64389 3.79045 0.0587597 0.155523
2.9941 4.96836 1.64389 3.79045 0.155523 0.379963
2.9941 4.96836 1.64389 3.79045 0.379963 500
2.9941 4.96836 3.79045 8.08134 -500 -0.39025
2.9941 4.96836 3.79045 8.08134 -0.39025 -0.171324
2.9941 4.96836 3.79045 8.08134 -0.171324 -0.0725531
2.9941 4.96836 3.79045 8.08134 -0.0725531 -0.00565714
2.9941 4.96836 3.79045 8.08134 -0.00565714 0.051174
2.9941 4.96836 3.79045 8.08134 0.051174 0.130384
2.9941 4.96836 3.79045 8.08134 0.130384 0.347739
2.9941 4.96836 3.79045 8.08134 0.347739 500
2.9941 4.96836 8.08134 500 -500 -1.80534
2.9941 4.96836 8.08134 500 -1.80534 -0.379177
2.9941 4.96836 8.08134 500 -0.379177 -0.140587
2.9941 4.96836 8.08134 500 -0.140587 0.00816821
2.9941 4.96836 8.08134 500 0.00816821 0.139093
2.9941 4.96836 8.08134 500 0.139093 0.372438
2.9941 4.96836 8.08134 500 0.372438 1.69923
2.9941 4.96836 8.08134 500 1.69923 500
4.96836 8.09405 -500 -11.2424 -500 -10.6969
4.96836 8.09405 -500 -11.2424 -10.6969 -0.640045
4.96836 8.09405 -500 -11.2424 -0.640045 -0.228173
4.96836 8.09405 -500 -11.2424 -0.228173 0.0238227
4.96836 8.09405 -500 -11.2424 0.0238227 0.277691
4.96836 8.09405 -500 -11.2424 0.277691 0.754598
4.96836 8.09405 -500 -11.2424 0.754598 10.926
4.96836 8.09405 -500 -11.2424 10.926 500
4.96836 8.09405 -11.2424 -5.19322 -500 -0.576771
4.96836 8.09405 -11.2424 -5.19322 -0.576771 -0.203621
4.96836 8.09405 -11.2424 -5.19322 -0.203621 -0.0793065
4.96836 8.09405 -11.2424 -5.19322 -0.0793065 -0.00377456
4.96836 8.09405 -11.2424 -5.19322 -0.00377456 0.0801695
4.96836 8.09405 -11.2424 -5.19322 0.0801695 0.182669
4.96836 8.09405 -11.2424 -5.19322 0.182669 0.442901
4.96836 8.09405 -11.2424 -5.19322 0.442901 500
4.96836 8.09405 -5.19322 -2.25727 -500 -0.420291
4.96836 8.09405 -5.19322 -2.25727 -0.420291 -0.164839
4.96836 8.09405 -5.19322 -2.25727 -0.164839 -0.0696384
4.96836 8.09405 -5.19322 -2.25727 -0.0696384 0.00168219
4.96836 8.09405 -5.19322 -2.25727 0.00168219 0.0640475
4.96836 8.09405 -5.19322 -2.25727 0.0640475 0.157755
4.96836 8.09405 -5.19322 -2.25727 0.157755 0.420281
4.96836 8.09405 -5.19322 -2.25727 0.420281 500
4.96836 8.09405 -2.25727 -0.00747688 -500 -0.388774
4.96836 8.09405 -2.25727 -0.00747688 -0.388774 -0.147401
4.96836 8.09405 -2.25727 -0.00747688 -0.147401 -0.0561905
4.96836 8.09405 -2.25727 -0.00747688 -0.0561905 0.00685953
4.96836 8.09405 -2.25727 -0.00747688 0.00685953 0.0693386
4.96836 8.09405 -2.25727 -0.00747688 0.0693386 0.155245
4.96836 8.09405 -2.25727 -0.00747688 0.155245 0.383568
4.96836 8.09405 -2.25727 -0.00747688 0.383568 500
4.96836 8.09405 -0.00747688 2.35756 -500 -0.390266
4.96836 8.09405 -0.00747688 2.35756 -0.390266 -0.150571
4.96836 8.09405 -0.00747688 2.35756 -0.150571 -0.0636644
4.96836 8.09405 -0.00747688 2.35756 -0.0636644 -0.00577097
4.96836 8.09405 -0.00747688 2.35756 -0.00577097 0.0556439
4.96836 8.09405 -0.00747688 2.35756 0.0556439 0.140876
4.96836 8.09405 -0.00747688 2.35756 0.140876 0.355029
4.96836 8.09405 -0.00747688 2.35756 0.355029 500
4.96836 8.09405 2.35756 5.2376 -500 -0.384441
4.96836 8.09405 2.35756 5.2376 -0.384441 -0.147993
4.96836 8.09405 2.35756 5.2376 -0.147993 -0.0540917
4.96836 8.09405 2.35756 5.2376 -0.0540917 0.00583424
4.96836 8.09405 2.35756 5.2376 0.00583424 0.0694015
4.96836 8.09405 2.35756 5.2376 0.0694015 0.150516
4.96836 8.09405 2.35756 5.2376 0.150516 0.35276
4.96836 8.09405 2.35756 5.2376 0.35276 500
4.96836 8.09405 5.2376 11.071 -500 -0.453944
4.96836 8.09405 5.2376 11.071 -0.453944 -0.190098
4.96836 8.09405 5.2376 11.071 -0.190098 -0.0849826
4.96836 8.09405 5.2376 11.071 -0.0849826 -0.0042514
4.96836 8.09405 5.2376 11.071 -0.0042514 0.0788527
4.96836 8.09405 5.2376 11.071 0.0788527 0.184421
4.96836 8.09405 5.2376 11.071 0.184421 0.450187
4.96836 8.09405 5.2376 11.071 0.450187 500
4.96836 8.09405 11.071 500 -500 -9.8298
4.96836 8.09405 11.071 500 -9.8298 -0.653006
4.96836 8.09405 11.071 500 -0.653006 -0.236679
4.96836 8.09405 11.071 500 -0.236679 -0.00851851
4.96836 8.09405 11.071 500 -0.00851851 0.217856
4.96836 8.09405 11.071 500 0.217856 0.637976
4.96836 8.09405 11.071 500 0.637976 10.2037
4.96836 8.09405 11.071 500 10.2037 500
8.09405 13.9422 -500 -17.4824 -500 -22.9272
8.09405 13.9422 -500 -17.4824 -22.9272 -1.54282
8.09405 13.9422 -500 -17.4824 -1.54282 -0.527269
8.09405 13.9422 -500 -17.4824 -0.527269 -0.00362585
8.09405 13.9422 -500 -17.4824 -0.00362585 0.541549
8.09405 13.9422 -500 -17.4824 0.541549 1.84243
8.09405 13.9422 -500 -17.4824 1.84243 20.5097
8.09405 13.9422 -500 -17.4824 20.5097 500
8.09405 13.9422 -17.4824 -8.42736 -500 -2.77979
8.09405 13.9422 -17.4824 -8.42736 -2.77979 -0.407032
8.09405 13.9422 -17.4824 -8.42736 -0.407032 -0.175246
8.09405 13.9422 -17.4824 -8.42736 -0.175246 -0.00528084
8.09405 13.9422 -17.4824 -8.42736 -0.00528084 0.146545
8.09405 13.9422 -17.4824 -8.42736 0.146545 0.367159
8.09405 13.9422 -17.4824 -8.42736 0.367159 1.05046
8.09405 13.9422 -17.4824 -8.42736 1.05046 500
8.09405 13.9422 -8.42736 -3.6737 -500 -0.477724
8.09405 13.9422 -8.42736 -3.6737 -0.477724 -0.221768
8.09405 13.9422 -8.42736 -3.6737 -0.221768 -0.0987973
8.09405 13.9422 -8.42736 -3.6737 -0.0987973 -0.00231242
8.09405 13.9422 -8.42736 -3.6737 -0.00231242 0.0918903
8.09405 13.9422 -8.42736 -3.6737 0.0918903 0.23306
8.09405 13.9422 -8.42736 -3.6737 0.23306 0.540442
8.09405 13.9422 -8.42736 -3.6737 0.540442 500
8.09405 13.9422 -3.6737 -0.303038 -500 -0.566973
8.09405 13.9422 -3.6737 -0.303038 -0.566973 -0.218457
8.09405 13.9422 -3.6737 -0.303038 -0.218457 -0.0915773
8.09405 13.9422 -3.6737 -0.303038 -0.0915773 0.00366288
8.09405 13.9422 -3.6737 -0.303038 0.00366288 0.0868206
8.09405 13.9422 -3.6737 -0.303038 0.0868206 0.209238
8.09405 13.9422 -3.6737 -0.303038 0.209238 0.565921
8.09405 13.9422 -3.6737 -0.303038 0.565921 500
8.09405 13.9422 -0.303038 3.22545 -500 -0.540191
8.09405 13.9422 -0.303038 3.22545 -0.540191 -0.212395
8.09405 13.9422 -0.303038 3.22545 -0.212395 -0.0852646
8.09405 13.9422 -0.303038 3.22545 -0.0852646 -0.00609867
8.09405 13.9422 -0.303038 3.22545 -0.00609867 0.0782222
8.09405 13.9422 -0.303038 3.22545 0.0782222 0.204236
8.09405 13.9422 -0.303038 3.22545 0.204236 0.498308
8.09405 13.9422 -0.303038 3.22545 0.498308 500
8.09405 13.9422 3.22545 7.96541 -500 -0.612809
8.09405 13.9422 3.22545 7.96541 -0.612809 -0.217209
8.09405 13.9422 3.22545 7.96541 -0.217209 -0.0849178
8.09405 13.9422 3.22545 7.96541 -0.0849178 0.0137376
8.09405 13.9422 3.22545 7.96541 0.0137376 0.116479
8.09405 13.9422 3.22545 7.96541 0.116479 0.243996
8.09405 13.9422 3.22545 7.96541 0.243996 0.607355
8.09405 13.9422 3.22545 7.96541 0.607355 500
8.09405 13.9422 7.96541 17.0678 -500 -1.28834
8.09405 13.9422 7.96541 17.0678 -1.28834 -0.389294
8.09405 13.9422 7.96541 17.0678 -0.389294 -0.154704
8.09405 13.9422 7.96541 17.0678 -0.154704 -0.00122775
8.09405 13.9422 7.96541 17.0678 -0.00122775 0.159564
8.09405 13.9422 7.96541 17.0678 0.159564 0.342039
8.09405 13.9422 7.96541 17.0678 0.342039 0.913664
8.09405 13.9422 7.96541 17.0678 0.913664 500
8.09405 13.9422 17.0678 500 -500 -21.064
8.09405 13.9422 17.0678 500 -21.064 -1.61603
8.09405 13.9422 17.0678 500 -1.61603 -0.387838
8.09405 13.9422 17.0678 500 -0.387838 0.0782611
8.09405 13.9422 17.0678 500 0.0782611 0.641327
8.09405 13.9422 17.0678 500 0.641327 2.3507
8.09405 13.9422 17.0678 500 2.3507 22.9423
8.09405 13.9422 17.0678 500 22.9423 500
13.9422 26.6055 -500 -24.6064 -500 -37.6805
13.9422 26.6055 -500 -24.6064 -37.6805 -12.7614
13.9422 26.6055 -500 -24.6064 -12.7614 -1.43501
13.9422 26.6055 -500 -24.6064 -1.43501 -0.0844108
13.9422 26.6055 -500 -24.6064 -0.0844108 1.10513
13.9422 26.6055 -500 -24.6064 1.10513 10.2327
13.9422 26.6055 -500 -24.6064 10.2327 34.8855
13.9422 26.6055 -500 -24.6064 34.8855 500
13.9422 26.6055 -24.6064 -12.9228 -500 -10.5025
13.9422 26.6055 -24.6064 -12.9228 -10.5025 -0.961794
13.9422 26.6055 -24.6064 -12.9228 -0.961794 -0.392881
13.9422 26.6055 -24.6064 -12.9228 -0.392881 -0.0272082
13.9422 26.6055 -24.6064 -12.9228 -0.0272082 0.371375
13.9422 26.6055 -24.6064 -12.9228 0.371375 0.955195
13.9422 26.6055 -24.6064 -12.9228 0.955195 11.2249
13.9422 26.6055 -24.6064 -12.9228 11.2249 500
13.9422 26.6055 -12.9228 -5.72856 -500 -4.95083
13.9422 26.6055 -12.9228 -5.72856 -4.95083 -0.611253
13.9422 26.6055 -12.9228 -5.72856 -0.611253 -0.257375
13.9422 26.6055 -12.9228 -5.72856 -0.257375 0.00128152
13.9422 26.6055 -12.9228 -5.72856 0.00128152 0.269414
13.9422 26.6055 -12.9228 -5.72856 0.269414 0.59725
13.9422 26.6055 -12.9228 -5.72856 0.59725 5.65116
13.9422 26.6055 -12.9228 -5.72856 5.65116 500
13.9422 26.6055 -5.72856 0.118818 -500 -2.02837
13.9422 26.6055 -5.72856 0.118818 -2.02837 -0.462573
13.9422 26.6055 -5.72856 0.118818 -0.462573 -0.213539
13.9422 26.6055 -5.72856 0.118818 -0.213539 -0.0253902
13.9422 26.6055 -5.72856 0.118818 -0.0253902 0.162914
13.9422 26.6055 -5.72856 0.118818 0.162914 0.453696
13.9422 26.6055 -5.72856 0.118818 0.453696 1.48253
13.9422 26.6055 -5.72856 0.118818 1.48253 500
13.9422 26.6055 0.118818 6.38194 -500 -1.78148
13.9422 26.6055 0.118818 6.38194 -1.78148 -0.51322
13.9422 26.6055 0.118818 6.38194 -0.51322 -0.214553
13.9422 26.6055 0.118818 6.38194 -0.214553 0.00813094
13.9422 26.6055 0.118818 6.38194 0.00813094 0.213666
13.9422 26.6055 0.118818 6.38194 0.213666 0.521712
13.9422 26.6055 0.118818 6.38194 0.521712 1.66825
13.9422 26.6055 0.118818 6.38194 1.66825 500
13.9422 26.6055 6.38194 13.7294 -500 -4.146
13.9422 26.6055 6.38194 13.7294 -4.146 -0.612885
13.9422 26.6055 6.38194 13.7294 -0.612885 -0.249641
13.9422 26.6055 6.38194 13.7294 -0.249641 -0.0110862
13.9422 26.6055 6.38194 13.7294 -0.0110862 0.257792
13.9422 26.6055 6.38194 13.7294 0.257792 0.580414
13.9422 26.6055 6.38194 13.7294 0.580414 3.26358
13.9422 26.6055 6.38194 13.7294 3.26358 500
13.9422 26.6055 13.7294 25.2509 -500 -12.9412
13.9422 26.6055 13.7294 25.2509 -12.9412 -1.0049
13.9422 26.6055 13.7294 25.2509 -1.0049 -0.400014
13.9422 26.6055 13.7294 25.2509 -0.400014 -0.0496995
13.9422 26.6055 13.7294 25.2509 -0.0496995 0.388054
13.9422 26.6055 13.7294 25.2509 0.388054 1.03901
13.9422 26.6055 13.7294 25.2509 1.03901 13.055
13.9422 26.6055 13.7294 25.2509 13.055 500
13.9422 26.6055 25.2509 500 -500 -39.4767
13.9422 26.6055 25.2509 500 -39.4767 -15.5486
13.9422 26.6055 25.2509 500 -15.5486 -1.79142
13.9422 26.6055 25.2509 500 -1.79142 -0.26907
13.9422 26.6055 25.2509 500 -0.26907 0.99714
13.9422 26.6055 25.2509 500 0.99714 10.2714
13.9422 26.6055 25.2509 500 10.2714 35.977
13.9422 26.6055 25.2509 500 35.977 500
26.6055 500 -500 -47.175 -500 -62.9002
26.6055 500 -500 -47.175 -62.9002 -36.3208
26.6055 500 -500 -47.175 -36.3208 -16.8877
26.6055 500 -500 -47.175 -16.8877 -0.286907
26.6055 500 -500 -47.175 -0.286907 15.6725
26.6055 500 -500 -47.175 15.6725 36.6928
26.6055 500 -500 -47.175 36.6928 65.462
26.6055 500 -500 -47.175 65.462 500
26.6055 500 -47.175 -23.4287 -500 -51.5684
26.6055 500 -47.175 -23.4287 -51.5684 -24.0764
26.6055 500 -47.175 -23.4287 -24.0764 -6.36373
26.6055 500 -47.175 -23.4287 -6.36373 0.0411767
26.6055 500 -47.175 -23.4287 0.0411767 7.39094
26.6055 500 -47.175 -23.4287 7.39094 23.5626
26.6055 500 -47.175 -23.4287 23.5626 51.4034
26.6055 500 -47.175 -23.4287 51.4034 500
26.6055 500 -23.4287 -10.7496 -500 -39.2753
26.6055 500 -23.4287 -10.7496 -39.2753 -14.1155
26.6055 500 -23.4287 -10.7496 -14.1155 -1.27444
26.6055 500 -23.4287 -10.7496 -1.27444 0.0708198
26.6055 500 -23.4287 -10.7496 0.0708198 1.27
26.6055 500 -23.4287 -10.7496 1.27 13.6534
26.6055 500 -23.4287 -10.7496 13.6534 36.8678
26.6055 500 -23.4287 -10.7496 36.8678 500
26.6055 500 -10.7496 -0.474134 -500 -28.61
26.6055 500 -10.7496 -0.474134 -28.61 -7.02823
26.6055 500 -10.7496 -0.474134 -7.02823 -0.837586
26.6055 500 -10.7496 -0.474134 -0.837586 0.167259
26.6055 500 -10.7496 -0.474134 0.167259 0.974128
26.6055 500 -10.7496 -0.474134 0.974128 6.88864
26.6055 500 -10.7496 -0.474134 6.88864 33.9927
26.6055 500 -10.7496 -0.474134 33.9927 500
26.6055 500 -0.474134 10.2413 -500 -29.4072
26.6055 500 -0.474134 10.2413 -29.4072 -5.41417
26.6055 500 -0.474134 10.2413 -5.41417 -0.785603
26.6055 500 -0.474134 10.2413 -0.785603 0.135242
26.6055 500 -0.474134 10.2413 0.135242 1.10495
26.6055 500 -0.474134 10.2413 1.10495 8.24135
26.6055 500 -0.474134 10.2413 8.24135 32.8804
26.6055 500 -0.474134 10.2413 32.8804 500
26.6055 500 10.2413 22.99 -500 -38.2864
26.6055 500 10.2413 22.99 -38.2864 -13.1373
26.6055 500 10.2413 22.99 -13.1373 -1.28367
26.6055 500 10.2413 22.99 -1.28367 0.0337821
26.6055 500 10.2413 22.99 0.0337821 1.06448
26.6055 500 10.2413 22.99 1.06448 11.8805
26.6055 500 10.2413 22.99 11.8805 36.0131
26.6055 500 10.2413 22.99 36.0131 500
26.6055 500 22.99 45.8707 -500 -50.0922
26.6055 500 22.99 45.8707 -50.0922 -22.8166
26.6055 500 22.99 45.8707 -22.8166 -4.95242
26.6055 500 22.99 45.8707 -4.95242 0.217422
26.6055 500 22.99 45.8707 0.217422 7.45536
26.6055 500 22.99 45.8707 7.45536 25.4193
26.6055 500 22.99 45.8707 25.4193 48.2299
26.6055 500 22.99 45.8707 48.2299 500
26.6055 500 45.8707 500 -500 -66.6322
26.6055 500 45.8707 500 -66.6322 -39.2094
26.6055 500 45.8707 500 -39.2094 -20.1164
26.6055 500 45.8707 500 -20.1164 -3.75
26.6055 500 45.8707 500 -3.75 15.0231
26.6055 500 45.8707 500 15.0231 33.1552
26.6055 500 45.8707 500 33.1552 61.5982
26.6055 500 45.8707 500 61.5982 500
