-1000 -23.0092 -1000 -25.7739 -1000 -42.8963
-1000 -23.0092 -1000 -25.7739 -42.8963 0.352253
-1000 -23.0092 -1000 -25.7739 0.352253 40.1748
-1000 -23.0092 -1000 -25.7739 40.1748 1000
-1000 -23.0092 -25.7739 -0.159475 -1000 -5.8686
-1000 -23.0092 -25.7739 -0.159475 -5.8686 -0.0154068
-1000 -23.0092 -25.7739 -0.159475 -0.0154068 3.9623
-1000 -23.0092 -25.7739 -0.159475 3.9623 1000
-1000 -23.0092 -0.159475 25.7035 -1000 -8.9249
-1000 -23.0092 -0.159475 25.7035 -8.9249 -0.155315
-1000 -23.0092 -0.159475 25.7035 -0.155315 5.88088
-1000 -23.0092 -0.159475 25.7035 5.88088 1000
-1000 -23.0092 25.7035 1000 -1000 -40.8889
-1000 -23.0092 25.7035 1000 -40.8889 0.278566
-1000 -23.0092 25.7035 1000 0.278566 41.5845
-1000 -23.0092 25.7035 1000 41.5845 1000
-23.0092 -9.63178 -1000 -11.8738 -1000 -1.29617
-23.0092 -9.63178 -1000 -11.8738 -1.29617 -0.0353868
-23.0092 -9.63178 -1000 -11.8738 -0.0353868 1.35112
-23.0092 -9.63178 -1000 -11.8738 1.35112 1000
-23.0092 -9.63178 -11.8738 -0.126227 -1000 -0.33487
-23.0092 -9.63178 -11.8738 -0.126227 -0.33487 -0.00125417
-23.0092 -9.63178 -11.8738 -0.126227 -0.00125417 0.347001
-23.0092 -9.63178 -11.8738 -0.126227 0.347001 1000
-23.0092 -9.63178 -0.126227 11.5035 -1000 -0.328335
-23.0092 -9.63178 -0.126227 11.5035 -0.328335 -0.00151469
-23.0092 -9.63178 -0.126227 11.5035 -0.00151469 0.341831
-23.0092 -9.63178 -0.126227 11.5035 0.341831 1000
-23.0092 -9.63178 11.5035 1000 -1000 -1.20119
-23.0092 -9.63178 11.5035 1000 -1.20119 -0.00307706
-23.0092 -9.63178 11.5035 1000 -0.00307706 1.43584
-23.0092 -9.63178 11.5035 1000 1.43584 1000
-9.63178 -3.28465 -1000 -7.05035 -1000 -0.47622
-9.63178 -3.28465 -1000 -7.05035 -0.47622 0.00243976
-9.63178 -3.28465 -1000 -7.05035 0.00243976 0.414912
-9.63178 -3.28465 -1000 -7.05035 0.414912 1000
-9.63178 -3.28465 -7.05035 0.0437511 -1000 -0.121637
-9.63178 -3.28465 -7.05035 0.0437511 -0.121637 0.00288741
-9.63178 -3.28465 -7.05035 0.0437511 0.00288741 0.117383
-9.63178 -3.28465 -7.05035 0.0437511 0.117383 1000
-9.63178 -3.28465 0.0437511 7.12431 -1000 -0.121342
-9.63178 -3.28465 0.0437511 7.12431 -0.121342 -0.00555016
-9.63178 -3.28465 0.0437511 7.12431 -0.00555016 0.119122
-9.63178 -3.28465 0.0437511 7.12431 0.119122 1000
-9.63178 -3.28465 7.12431 1000 -1000 -0.508109
-9.63178 -3.28465 7.12431 1000 -0.508109 -0.0112676
-9.63178 -3.28465 7.12431 1000 -0.0112676 0.404192
-9.63178 -3.28465 7.12431 1000 0.404192 1000
-3.28465 -0.0153381 -1000 -3.46022 -1000 -0.24784
-3.28465 -0.0153381 -1000 -3.46022 -0.24784 -0.00802753
-3.28465 -0.0153381 -1000 -3.46022 -0.00802753 0.200184
-3.28465 -0.0153381 -1000 -3.46022 0.200184 1000
-3.28465 -0.0153381 -3.46022 -0.0236505 -1000 -0.170674
-3.28465 -0.0153381 -3.46022 -0.0236505 -0.170674 0.00585335
-3.28465 -0.0153381 -3.46022 -0.0236505 0.00585335 0.18572
-3.28465 -0.0153381 -3.46022 -0.0236505 0.18572 1000
-3.28465 -0.0153381 -0.0236505 3.54815 -1000 -0.157213
-3.28465 -0.0153381 -0.0236505 3.54815 -0.157213 0.00220462
-3.28465 -0.0153381 -0.0236505 3.54815 0.00220462 0.171308
-3.28465 -0.0153381 -0.0236505 3.54815 0.171308 1000
-3.28465 -0.0153381 3.54815 1000 -1000 -0.248319
-3.28465 -0.0153381 3.54815 1000 -0.248319 -0.00877764
-3.28465 -0.0153381 3.54815 1000 -0.00877764 0.19513
-3.28465 -0.0153381 3.54815 1000 0.19513 1000
-0.0153381 3.23812 -1000 -3.33081 -1000 -0.223633
-0.0153381 3.23812 -1000 -3.33081 -0.223633 0.0049488
-0.0153381 3.23812 -1000 -3.33081 0.0049488 0.27114
-0.0153381 3.23812 -1000 -3.33081 0.27114 1000
-0.0153381 3.23812 -3.33081 0.03341 -1000 -0.175942
-0.0153381 3.23812 -3.33081 0.03341 -0.175942 0.00610362
-0.0153381 3.23812 -3.33081 0.03341 0.00610362 0.185814
-0.0153381 3.23812 -3.33081 0.03341 0.185814 1000
-0.0153381 3.23812 0.03341 3.54093 -1000 -0.147777
-0.0153381 3.23812 0.03341 3.54093 -0.147777 0.00139892
-0.0153381 3.23812 0.03341 3.54093 0.00139892 0.194734
-0.0153381 3.23812 0.03341 3.54093 0.194734 1000
-0.0153381 3.23812 3.54093 1000 -1000 -0.212423
-0.0153381 3.23812 3.54093 1000 -0.212423 -0.00260324
-0.0153381 3.23812 3.54093 1000 -0.00260324 0.239267
-0.0153381 3.23812 3.54093 1000 0.239267 1000
3.23812 9.41416 -1000 -6.75744 -1000 -0.448224
3.23812 9.41416 -1000 -6.75744 -0.448224 -0.0210738
3.23812 9.41416 -1000 -6.75744 -0.0210738 0.43996
3.23812 9.41416 -1000 -6.75744 0.43996 1000
3.23812 9.41416 -6.75744 0.0923442 -1000 -0.103523
3.23812 9.41416 -6.75744 0.0923442 -0.103523 0.00965163
3.23812 9.41416 -6.75744 0.0923442 0.00965163 0.123219
3.23812 9.41416 -6.75744 0.0923442 0.123219 1000
3.23812 9.41416 0.0923442 7.36997 -1000 -0.121494
3.23812 9.41416 0.0923442 7.36997 -0.121494 3.62995e-05
3.23812 9.41416 0.0923442 7.36997 3.62995e-05 0.126412
3.23812 9.41416 0.0923442 7.36997 0.126412 1000
3.23812 9.41416 7.36997 1000 -1000 -0.444329
3.23812 9.41416 7.36997 1000 -0.444329 -0.0120082
3.23812 9.41416 7.36997 1000 -0.0120082 0.421799
3.23812 9.41416 7.36997 1000 0.421799 1000
9.41416 22.7585 -1000 -11.5777 -1000 -1.32683
9.41416 22.7585 -1000 -11.5777 -1.32683 0.00502998
9.41416 22.7585 -1000 -11.5777 0.00502998 1.28503
9.41416 22.7585 -1000 -11.5777 1.28503 1000
9.41416 22.7585 -11.5777 0.0864312 -1000 -0.383662
9.41416 22.7585 -11.5777 0.0864312 -0.383662 -0.025615
9.41416 22.7585 -11.5777 0.0864312 -0.025615 0.310524
9.41416 22.7585 -11.5777 0.0864312 0.310524 1000
9.41416 22.7585 0.0864312 11.6407 -1000 -0.349383
9.41416 22.7585 0.0864312 11.6407 -0.349383 -0.000654175
9.41416 22.7585 0.0864312 11.6407 -0.000654175 0.33636
9.41416 22.7585 0.0864312 11.6407 0.33636 1000
9.41416 22.7585 11.6407 1000 -1000 -1.17652
9.41416 22.7585 11.6407 1000 -1.17652 0.0137995
9.41416 22.7585 11.6407 1000 0.0137995 1.46937
9.41416 22.7585 11.6407 1000 1.46937 1000
22.7585 1000 -1000 -26.2388 -1000 -43.4223
22.7585 1000 -1000 -26.2388 -43.4223 0.0417938
22.7585 1000 -1000 -26.2388 0.0417938 40.289
22.7585 1000 -1000 -26.2388 40.289 1000
22.7585 1000 -26.2388 -0.470941 -1000 -6.64684
22.7585 1000 -26.2388 -0.470941 -6.64684 -0.0553421
22.7585 1000 -26.2388 -0.470941 -0.0553421 5.14311
22.7585 1000 -26.2388 -0.470941 5.14311 1000
22.7585 1000 -0.470941 24.6411 -1000 -7.15357
22.7585 1000 -0.470941 24.6411 -7.15357 -0.043469
22.7585 1000 -0.470941 24.6411 -0.043469 5.97088
22.7585 1000 -0.470941 24.6411 5.97088 1000
22.7585 1000 24.6411 1000 -1000 -40.3207
22.7585 1000 24.6411 1000 -40.3207 -0.0896987
22.7585 1000 24.6411 1000 -0.0896987 38.3496
22.7585 1000 24.6411 1000 38.3496 1000
